# iter t dt 
1 2.29489e-06 2.29489e-06 
2 4.58978e-06 2.29489e-06 
3 6.88468e-06 2.29489e-06 
4 9.17957e-06 2.29489e-06 
5 1.14745e-05 2.29489e-06 
6 1.37694e-05 2.29489e-06 
7 1.60643e-05 2.29489e-06 
8 1.83591e-05 2.29489e-06 
9 2.0654e-05 2.29489e-06 
10 2.29489e-05 2.29489e-06 
11 2.52438e-05 2.29489e-06 
12 2.75387e-05 2.29489e-06 
13 2.98336e-05 2.29489e-06 
14 3.21285e-05 2.29489e-06 
15 3.44234e-05 2.29489e-06 
16 3.67183e-05 2.29489e-06 
17 3.90132e-05 2.29489e-06 
18 4.13081e-05 2.29489e-06 
19 4.3603e-05 2.29489e-06 
20 4.58979e-05 2.29489e-06 
21 4.81927e-05 2.29489e-06 
22 5.04876e-05 2.29489e-06 
23 5.27825e-05 2.29489e-06 
24 5.50774e-05 2.29489e-06 
25 5.73723e-05 2.29489e-06 
26 5.96672e-05 2.29489e-06 
27 6.19621e-05 2.29489e-06 
28 6.4257e-05 2.29489e-06 
29 6.65519e-05 2.29489e-06 
30 6.88468e-05 2.29489e-06 
31 7.11417e-05 2.29489e-06 
32 7.34366e-05 2.29489e-06 
33 7.57315e-05 2.29489e-06 
34 7.80264e-05 2.29489e-06 
35 8.03213e-05 2.29489e-06 
36 8.26162e-05 2.29489e-06 
37 8.49111e-05 2.29489e-06 
38 8.72059e-05 2.29489e-06 
39 8.95008e-05 2.29489e-06 
40 9.17957e-05 2.29489e-06 
41 9.40906e-05 2.29489e-06 
42 9.63855e-05 2.29489e-06 
43 9.86804e-05 2.29489e-06 
44 0.000100975 2.29489e-06 
45 0.00010327 2.29489e-06 
46 0.000105565 2.29489e-06 
47 0.00010786 2.29489e-06 
48 0.000110155 2.29489e-06 
49 0.00011245 2.29489e-06 
50 0.000114745 2.29489e-06 
51 0.00011704 2.29489e-06 
52 0.000119334 2.29489e-06 
53 0.000121629 2.29489e-06 
54 0.000123924 2.29489e-06 
55 0.000126219 2.29489e-06 
56 0.000128514 2.29489e-06 
57 0.000130809 2.29489e-06 
58 0.000133104 2.29489e-06 
59 0.000135399 2.29489e-06 
60 0.000137694 2.29489e-06 
61 0.000139989 2.29489e-06 
62 0.000142283 2.29489e-06 
63 0.000144578 2.29489e-06 
64 0.000146873 2.29489e-06 
65 0.000149168 2.29489e-06 
66 0.000151463 2.29489e-06 
67 0.000153758 2.29489e-06 
68 0.000156053 2.29489e-06 
69 0.000158348 2.29489e-06 
70 0.000160643 2.29489e-06 
71 0.000162937 2.29489e-06 
72 0.000165232 2.29489e-06 
73 0.000167527 2.29489e-06 
74 0.000169822 2.29489e-06 
75 0.000172117 2.29489e-06 
76 0.000174412 2.29489e-06 
77 0.000176707 2.29489e-06 
78 0.000179002 2.29489e-06 
79 0.000181297 2.29489e-06 
80 0.000183592 2.29489e-06 
81 0.000185886 2.29489e-06 
82 0.000188181 2.29489e-06 
83 0.000190476 2.29489e-06 
84 0.000192771 2.29489e-06 
85 0.000195066 2.29489e-06 
86 0.000197361 2.29489e-06 
87 0.000199656 2.29489e-06 
88 0.000201951 2.29489e-06 
89 0.000204246 2.29489e-06 
90 0.00020654 2.29489e-06 
91 0.000208835 2.29489e-06 
92 0.00021113 2.29489e-06 
93 0.000213425 2.29489e-06 
94 0.00021572 2.29489e-06 
95 0.000218015 2.29489e-06 
96 0.00022031 2.29489e-06 
97 0.000222605 2.29489e-06 
98 0.0002249 2.29489e-06 
99 0.000227195 2.29489e-06 
100 0.000229489 2.29489e-06 
101 0.000231784 2.29489e-06 
102 0.000234079 2.29489e-06 
103 0.000236374 2.29489e-06 
104 0.000238669 2.29489e-06 
105 0.000240964 2.29489e-06 
106 0.000243259 2.29489e-06 
107 0.000245554 2.29489e-06 
108 0.000247849 2.29489e-06 
109 0.000250143 2.29489e-06 
110 0.000252438 2.29489e-06 
111 0.000254733 2.29489e-06 
112 0.000257028 2.29489e-06 
113 0.000259323 2.29489e-06 
114 0.000261618 2.29489e-06 
115 0.000263913 2.29489e-06 
116 0.000266208 2.29489e-06 
117 0.000268503 2.29489e-06 
118 0.000270798 2.29489e-06 
119 0.000273092 2.29489e-06 
120 0.000275387 2.29489e-06 
121 0.000277682 2.29489e-06 
122 0.000279977 2.29489e-06 
123 0.000282272 2.29489e-06 
124 0.000284567 2.29489e-06 
125 0.000286862 2.29489e-06 
126 0.000289157 2.29489e-06 
127 0.000291452 2.29489e-06 
128 0.000293747 2.29489e-06 
129 0.000296041 2.29489e-06 
130 0.000298336 2.29489e-06 
131 0.000300631 2.29489e-06 
132 0.000302926 2.29489e-06 
133 0.000305221 2.29489e-06 
134 0.000307516 2.29489e-06 
135 0.000309811 2.29489e-06 
136 0.000312106 2.29489e-06 
137 0.000314401 2.29489e-06 
138 0.000316695 2.29489e-06 
139 0.00031899 2.29489e-06 
140 0.000321285 2.29489e-06 
141 0.00032358 2.29489e-06 
142 0.000325875 2.29489e-06 
143 0.00032817 2.29489e-06 
144 0.000330465 2.29489e-06 
145 0.00033276 2.29489e-06 
146 0.000335055 2.29489e-06 
147 0.00033735 2.29489e-06 
148 0.000339644 2.29489e-06 
149 0.000341939 2.29489e-06 
150 0.000344234 2.29489e-06 
151 0.000346529 2.29489e-06 
152 0.000348824 2.29489e-06 
153 0.000351119 2.29489e-06 
154 0.000353414 2.29489e-06 
155 0.000355709 2.29489e-06 
156 0.000358004 2.29489e-06 
157 0.000360298 2.29489e-06 
158 0.000362593 2.29489e-06 
159 0.000364888 2.29489e-06 
160 0.000367183 2.29489e-06 
161 0.000369478 2.29489e-06 
162 0.000371773 2.29489e-06 
163 0.000374068 2.29489e-06 
164 0.000376363 2.29489e-06 
165 0.000378658 2.29489e-06 
166 0.000380953 2.29489e-06 
167 0.000383247 2.29489e-06 
168 0.000385542 2.29489e-06 
169 0.000387837 2.29489e-06 
170 0.000390132 2.29489e-06 
171 0.000392427 2.29489e-06 
172 0.000394722 2.29489e-06 
173 0.000397017 2.29489e-06 
174 0.000399312 2.29489e-06 
175 0.000401607 2.29489e-06 
176 0.000403901 2.29489e-06 
177 0.000406196 2.29489e-06 
178 0.000408491 2.29489e-06 
179 0.000410786 2.29489e-06 
180 0.000413081 2.29489e-06 
181 0.000415376 2.29489e-06 
182 0.000417671 2.29489e-06 
183 0.000419966 2.29489e-06 
184 0.000422261 2.29489e-06 
185 0.000424556 2.29489e-06 
186 0.00042685 2.29489e-06 
187 0.000429145 2.29489e-06 
188 0.00043144 2.29489e-06 
189 0.000433735 2.29489e-06 
190 0.00043603 2.29489e-06 
191 0.000438325 2.29489e-06 
192 0.00044062 2.29489e-06 
193 0.000442915 2.29489e-06 
194 0.00044521 2.29489e-06 
195 0.000447504 2.29489e-06 
196 0.000449799 2.29489e-06 
197 0.000452094 2.29489e-06 
198 0.000454389 2.29489e-06 
199 0.000456684 2.29489e-06 
200 0.000458979 2.29489e-06 
201 0.000461274 2.29489e-06 
202 0.000463569 2.29489e-06 
203 0.000465864 2.29489e-06 
204 0.000468159 2.29489e-06 
205 0.000470453 2.29489e-06 
206 0.000472748 2.29489e-06 
207 0.000475043 2.29489e-06 
208 0.000477338 2.29489e-06 
209 0.000479633 2.29489e-06 
210 0.000481928 2.29489e-06 
211 0.000484223 2.29489e-06 
212 0.000486518 2.29489e-06 
213 0.000488813 2.29489e-06 
214 0.000491107 2.29489e-06 
215 0.000493402 2.29489e-06 
216 0.000495697 2.29489e-06 
217 0.000497992 2.29489e-06 
218 0.000500287 2.29489e-06 
219 0.000502582 2.29489e-06 
220 0.000504877 2.29489e-06 
221 0.000507172 2.29489e-06 
222 0.000509467 2.29489e-06 
223 0.000511762 2.29489e-06 
224 0.000514056 2.29489e-06 
225 0.000516351 2.29489e-06 
226 0.000518646 2.29489e-06 
227 0.000520941 2.29489e-06 
228 0.000523236 2.29489e-06 
229 0.000525531 2.29489e-06 
230 0.000527826 2.29489e-06 
231 0.000530121 2.29489e-06 
232 0.000532416 2.29489e-06 
233 0.00053471 2.29489e-06 
234 0.000537005 2.29489e-06 
235 0.0005393 2.29489e-06 
236 0.000541595 2.29489e-06 
237 0.00054389 2.29489e-06 
238 0.000546185 2.29489e-06 
239 0.00054848 2.29489e-06 
240 0.000550775 2.29489e-06 
241 0.00055307 2.29489e-06 
242 0.000555365 2.29489e-06 
243 0.000557659 2.29489e-06 
244 0.000559954 2.29489e-06 
245 0.000562249 2.29489e-06 
246 0.000564544 2.29489e-06 
247 0.000566839 2.29489e-06 
248 0.000569134 2.29489e-06 
249 0.000571429 2.29489e-06 
250 0.000573724 2.29489e-06 
251 0.000576019 2.29489e-06 
252 0.000578313 2.29489e-06 
253 0.000580608 2.29489e-06 
254 0.000582903 2.29489e-06 
255 0.000585198 2.29489e-06 
256 0.000587493 2.29489e-06 
257 0.000589788 2.29489e-06 
258 0.000592083 2.29489e-06 
259 0.000594378 2.29489e-06 
260 0.000596673 2.29489e-06 
261 0.000598968 2.29489e-06 
262 0.000601262 2.29489e-06 
263 0.000603557 2.29489e-06 
264 0.000605852 2.29489e-06 
265 0.000608147 2.29489e-06 
266 0.000610442 2.29489e-06 
267 0.000612737 2.29489e-06 
268 0.000615032 2.29489e-06 
269 0.000617327 2.29489e-06 
270 0.000619622 2.29489e-06 
271 0.000621916 2.29489e-06 
272 0.000624211 2.29489e-06 
273 0.000626506 2.29489e-06 
274 0.000628801 2.29489e-06 
275 0.000631096 2.29489e-06 
276 0.000633391 2.29489e-06 
277 0.000635686 2.29489e-06 
278 0.000637981 2.29489e-06 
279 0.000640276 2.29489e-06 
280 0.000642571 2.29489e-06 
281 0.000644865 2.29489e-06 
282 0.00064716 2.29489e-06 
283 0.000649455 2.29489e-06 
284 0.00065175 2.29489e-06 
285 0.000654045 2.29489e-06 
286 0.00065634 2.29489e-06 
287 0.000658635 2.29489e-06 
288 0.00066093 2.29489e-06 
289 0.000663225 2.29489e-06 
290 0.00066552 2.29489e-06 
291 0.000667814 2.29489e-06 
292 0.000670109 2.29489e-06 
293 0.000672404 2.29489e-06 
294 0.000674699 2.29489e-06 
295 0.000676994 2.29489e-06 
296 0.000679289 2.29489e-06 
297 0.000681584 2.29489e-06 
298 0.000683879 2.29489e-06 
299 0.000686174 2.29489e-06 
300 0.000688468 2.29489e-06 
301 0.000690763 2.29489e-06 
302 0.000693058 2.29489e-06 
303 0.000695353 2.29489e-06 
304 0.000697648 2.29489e-06 
305 0.000699943 2.29489e-06 
306 0.000702238 2.29489e-06 
307 0.000704533 2.29489e-06 
308 0.000706828 2.29489e-06 
309 0.000709123 2.29489e-06 
310 0.000711417 2.29489e-06 
311 0.000713712 2.29489e-06 
312 0.000716007 2.29489e-06 
313 0.000718302 2.29489e-06 
314 0.000720597 2.29489e-06 
315 0.000722892 2.29489e-06 
316 0.000725187 2.29489e-06 
317 0.000727482 2.29489e-06 
318 0.000729777 2.29489e-06 
319 0.000732071 2.29489e-06 
320 0.000734366 2.29489e-06 
321 0.000736661 2.29489e-06 
322 0.000738956 2.29489e-06 
323 0.000741251 2.29489e-06 
324 0.000743546 2.29489e-06 
325 0.000745841 2.29489e-06 
326 0.000748136 2.29489e-06 
327 0.000750431 2.29489e-06 
328 0.000752726 2.29489e-06 
329 0.00075502 2.29489e-06 
330 0.000757315 2.29489e-06 
331 0.00075961 2.29489e-06 
332 0.000761905 2.29489e-06 
333 0.0007642 2.29489e-06 
334 0.000766495 2.29489e-06 
335 0.00076879 2.29489e-06 
336 0.000771085 2.29489e-06 
337 0.00077338 2.29489e-06 
338 0.000775674 2.29489e-06 
339 0.000777969 2.29489e-06 
340 0.000780264 2.29489e-06 
341 0.000782559 2.29489e-06 
342 0.000784854 2.29489e-06 
343 0.000787149 2.29489e-06 
344 0.000789444 2.29489e-06 
345 0.000791739 2.29489e-06 
346 0.000794034 2.29489e-06 
347 0.000796329 2.29489e-06 
348 0.000798623 2.29489e-06 
349 0.000800918 2.29489e-06 
350 0.000803213 2.29489e-06 
351 0.000805508 2.29489e-06 
352 0.000807803 2.29489e-06 
353 0.000810098 2.29489e-06 
354 0.000812393 2.29489e-06 
355 0.000814688 2.29489e-06 
356 0.000816983 2.29489e-06 
357 0.000819277 2.29489e-06 
358 0.000821572 2.29489e-06 
359 0.000823867 2.29489e-06 
360 0.000826162 2.29489e-06 
361 0.000828457 2.29489e-06 
362 0.000830752 2.29489e-06 
363 0.000833047 2.29489e-06 
364 0.000835342 2.29489e-06 
365 0.000837637 2.29489e-06 
366 0.000839932 2.29489e-06 
367 0.000842226 2.29489e-06 
368 0.000844521 2.29489e-06 
369 0.000846816 2.29489e-06 
370 0.000849111 2.29489e-06 
371 0.000851406 2.29489e-06 
372 0.000853701 2.29489e-06 
373 0.000855996 2.29489e-06 
374 0.000858291 2.29489e-06 
375 0.000860586 2.29489e-06 
376 0.00086288 2.29489e-06 
377 0.000865175 2.29489e-06 
378 0.00086747 2.29489e-06 
379 0.000869765 2.29489e-06 
380 0.00087206 2.29489e-06 
381 0.000874355 2.29489e-06 
382 0.00087665 2.29489e-06 
383 0.000878945 2.29489e-06 
384 0.00088124 2.29489e-06 
385 0.000883535 2.29489e-06 
386 0.000885829 2.29489e-06 
387 0.000888124 2.29489e-06 
388 0.000890419 2.29489e-06 
389 0.000892714 2.29489e-06 
390 0.000895009 2.29489e-06 
391 0.000897304 2.29489e-06 
392 0.000899599 2.29489e-06 
393 0.000901894 2.29489e-06 
394 0.000904189 2.29489e-06 
395 0.000906484 2.29489e-06 
396 0.000908778 2.29489e-06 
397 0.000911073 2.29489e-06 
398 0.000913368 2.29489e-06 
399 0.000915663 2.29489e-06 
400 0.000917958 2.29489e-06 
401 0.000920253 2.29489e-06 
402 0.000922548 2.29489e-06 
403 0.000924843 2.29489e-06 
404 0.000927138 2.29489e-06 
405 0.000929432 2.29489e-06 
406 0.000931727 2.29489e-06 
407 0.000934022 2.29489e-06 
408 0.000936317 2.29489e-06 
409 0.000938612 2.29489e-06 
410 0.000940907 2.29489e-06 
411 0.000943202 2.29489e-06 
412 0.000945497 2.29489e-06 
413 0.000947792 2.29489e-06 
414 0.000950087 2.29489e-06 
415 0.000952381 2.29489e-06 
416 0.000954676 2.29489e-06 
417 0.000956971 2.29489e-06 
418 0.000959266 2.29489e-06 
419 0.000961561 2.29489e-06 
420 0.000963856 2.29489e-06 
421 0.000966151 2.29489e-06 
422 0.000968446 2.29489e-06 
423 0.000970741 2.29489e-06 
424 0.000973035 2.29489e-06 
425 0.00097533 2.29489e-06 
426 0.000977625 2.29489e-06 
427 0.00097992 2.29489e-06 
428 0.000982215 2.29489e-06 
429 0.00098451 2.29489e-06 
430 0.000986805 2.29489e-06 
431 0.0009891 2.29489e-06 
432 0.000991395 2.29489e-06 
433 0.00099369 2.29489e-06 
434 0.000995984 2.29489e-06 
435 0.000998279 2.29489e-06 
436 0.00100057 2.29489e-06 
